15 0.560833 0.874005 0.328333 0.161804
15 0.210833 0.797082 0.418333 0.405836
15 0.734167 0.608753 0.435000 0.214854
15 0.465000 0.488064 0.276667 0.116711
15 0.225000 0.364721 0.230000 0.129973
15 0.370833 0.332891 0.118333 0.045093
15 0.525833 0.404509 0.155000 0.061008
15 0.859167 0.415119 0.281667 0.129973
15 0.675000 0.315650 0.226667 0.090186
15 0.363333 0.269231 0.076667 0.055703
15 0.495000 0.277188 0.130000 0.066313
15 0.195833 0.133952 0.388333 0.214854
15 0.750000 0.133952 0.496667 0.262599
